01010011100000010111110000000000
10101010101001111100000000000111
11111111110000000000000000000000
10111000011100001111100001111111

01010011100000010111110000000000
11111111110000000000000000000000
10111000011100001111100001111111
10101010101001111100000000001111
01010011100000010111110000000000
11111111110000000000000000000000
10111000011100001111100001111111
10101010101001111100000000001111
01010011100000010111110000000000
11111111110000000000000000000000
10111000011100001111100001111111
10101010101001111100000000001111

